id,diagnosis
842302,1
842517,1
84348301,1
84358402,1
843786,1
84458202,1
84501001,1
84610002,1
846381,1
84667401,1
84799002,1
848406,1
849014,1
8511133,1
851509,1
852552,1
852631,1
852763,1
852781,1
852973,1
853201,1
853401,1
853612,1
854002,1
854039,1
854253,1
854268,1
855133,1
855138,1
855167,1
855563,1
855625,1
856106,1
857010,1
85713702,1
85715,1
857343,1
857373,1
857374,1
857392,1
857438,1
85759902,1
857637,1
857793,1
858970,1
858981,1
859196,1
85922302,1
859283,1
859464,1
859465,1
859471,1
859711,1
859717,1
859983,1
8610175,1
8610404,1
8610629,1
8610637,1
8610862,1
8610908,1
861103,1
8611161,1
8611555,1
8611792,1
8612080,1
86135501,1
86135502,1
861597,1
861598,1
861648,1
861799,1
861853,1
862009,1
86208,1
86211,1
862485,1
862548,1
862717,1
862722,1
862965,1
862980,1
862989,1
863030,1
863031,1
863270,1
86355,1
864018,1
864033,1
86408,1
86409,1
864292,1
864685,1
864729,1
864877,1
86517,1
86561,1
866083,1
866203,1
866458,1
866674,1
866714,1
86730502,1
867387,1
867739,1
868202,1
868223,1
868682,1
868826,1
868871,1
868999,1
869104,1
869224,1
869254,1
869476,1
869691,1
86973701,1
8711002,1
8711003,1
8711202,1
8711216,1
871149,1
8711561,1
8711803,1
8712064,1
8712291,1
87127,1
8712729,1
8712766,1
87139402,1
87164,1
871641,1
872113,1
872608,1
87281702,1
873357,1
873586,1
873592,1
873593,1
873701,1
873885,1
874158,1
874217,1
874373,1
874662,1
874839,1
874858,1
875263,1
87556202,1
875878,1
875938,1
877159,1
877486,1
877500,1
877501,1
877989,1
878796,1
87880,1
87930,1
879523,1
879804,1
879830,1
8810436,1
881046502,1
8810955,1
8810987,1
88119002,1
8812816,1
8812818,1
8812844,1
8812877,1
8813129,1
88147202,1
88203002,1
88206102,1
882488,1
88249602,1
88299702,1
883263,1
883270,1
88330202,1
88350402,1
883539,1
883852,1
884448,1
884626,1
88466802,1
884689,1
88518501,1
885429,1
8860702,1
886226,1
886452,1
88649001,1
886776,1
887181,1
88725602,1
887549,1
888570,1
889403,1
88995002,1
8910251,1
8910506,1
8910720,1
8910721,1
8910748,1
8910988,1
8910996,1
8911164,1
8911230,1
8911670,1
8911800,1
8911834,1
8912049,1
89122,1
8912280,1
8912284,1
8912521,1
8912909,1
8913,1
8913049,1
8915,1
891670,1
891703,1
891716,1
891923,1
891936,1
892189,1
892438,1
892604,1
89263202,1
892657,1
89296,1
89346,1
893526,1
893548,1
893783,1
89382601,1
89382602,1
893988,1
894089,1
894090,1
894326,1
894335,1
894604,1
894618,1
894855,1
895100,1
89511501,1
89524,1
895299,1
895633,1
896839,1
896864,1
897132,1
897137,1
897604,1
897630,1
897880,1
89812,1
89813,1
89827,1
898431,1
898677,1
898678,1
89869,1
898690,1
899667,1
899987,1
9010018,1
9010259,1
901034301,1
901034302,1
9010598,1
9010872,1
9010877,1
9011494,1
9011495,1
9011971,1
9012000,1
9012315,1
9012795,1
901288,1
9013005,1
901303,1
901315,1
9013594,1
901549,1
901836,1
90250,1
90251,1
902727,1
90291,1
902976,1
903011,1
90317302,1
903483,1
903516,1
903554,1
90401601,1
90401602,1
904302,1
904357,1
904647,1
904689,1
9047,1
904969,1
904971,1
905189,1
90524101,1
905501,1
905502,1
905520,1
905557,1
905680,1
906024,1
906539,1
906564,1
906878,1
907145,1
907367,1
907409,1
90745,1
90769601,1
90769602,1
907914,1
907915,1
908194,1
908445,1
908489,1
908916,1
909220,1
909231,1
909411,1
909445,1
90944601,1
909777,1
9110127,1
9110720,1
9110732,1
911157302,1
9111596,1
9111805,1
9111843,1
911202,1
9112366,1
9112367,1
9112594,1
9112712,1
911296201,1
911320501,1
911320502,1
9113239,1
9113455,1
9113514,1
9113538,1
911366,1
9113778,1
9113816,1
911384,1
911391,1
911673,1
911916,1
912193,1
91227,1
912519,1
912558,1
912600,1
913063,1
913505,1
913512,1
91376701,1
914062,1
914101,1
914102,1
914333,1
914366,1
914580,1
914769,1
91485,1
914862,1
91504,1
91505,1
915186,1
915276,1
91544001,1
91544002,1
915452,1
915664,1
915691,1
915940,1
91594602,1
916221,1
916838,1
917062,1
917092,1
91762702,1
91789,1
91805,1
91813701,1
91813702,1
918465,1
91903901,1
91903902,1
91930402,1
919537,1
919555,1
91979701,1
921092,1
921362,1
921644,1
922297,1
922576,1
922840,1
923169,1
923748,1
923780,1
924342,1
924632,1
924964,1
925277,1
925292,1
925311,1
926125,1
926424,1
926682,1
92751,1
